1 0.5388888888888889 0.4497854077253219 0.1 0.15622317596566523
1 0.45972222222222225 0.4296137339055794 0.13796296296296298 0.1278969957081545
1 0.4990740740740741 0.5549356223175965 0.16666666666666669 0.06952789699570815
1 0.3550925925925926 0.5472103004291845 0.14166666666666666 0.05236051502145923
1 0.35324074074074074 0.49356223175965663 0.17500000000000002 0.06695278969957082
1 0.4337962962962963 0.47725321888412015 0.19722222222222224 0.061802575107296136
1 0.3685185185185185 0.42231759656652357 0.1462962962962963 0.06523605150214593
1 0.4708333333333333 0.5420600858369098 0.15092592592592594 0.07467811158798283
1 0.7800925925925927 0.13948497854077252 0.17685185185185187 0.09012875536480686
1 0.48194444444444445 0.31759656652360513 0.06944444444444445 0.054935622317596564
